
  const w = 800;
  const h = 600;
  const scale = 1;
  const nSubPlanes = 1;
  const layers = 12;
  const sublayers = 6;

  const planes = [[1.16,1.2985915492957745,1.4371830985915492,1.5757746478873238,1.7143661971830984,1.8529577464788731,1.9915492957746477,2.1301408450704225,2.268732394366197,2.4073239436619716,2.5459154929577466,2.6845070422535207,2.8230985915492957,2.96169014084507,3.1002816901408448,3.2388732394366198,3.377464788732394,3.516056338028169,3.654647887323943,3.793239436619718,3.931830985915493,4.070422535211267,4.209014084507042,4.347605633802816,4.486197183098591,4.624788732394366,4.76338028169014,4.901971830985915,5.040563380281689,5.179154929577464,5.317746478873239,5.4563380281690135,5.5949295774647885,5.7335211267605635,5.872112676056338,6.010704225352113,6.149295774647887,6.287887323943662,6.426478873239437,6.565070422535211,6.703661971830986,6.84225352112676,6.980845070422535,7.11943661971831,7.258028169014084,7.396619718309859,7.535211267605633,7.673802816901408,7.812394366197182,7.950985915492957,8.089577464788732,8.228169014084505,8.36676056338028,8.505352112676055,8.64394366197183,8.782535211267605,8.921126760563379,9.059718309859154,9.198309859154929,9.336901408450704,9.475492957746479,9.614084507042254,9.752676056338027,9.891267605633802,10.029859154929577,10.168450704225352,10.307042253521127,10.4456338028169,10.584225352112675,10.72281690140845,10.861408450704225,11.0]];

  const f = 665.64117084802 * scale;
  var names = [""];
  var nMpis = names.length;

  const py = 299.5999666777741 * scale;
  const px = 399.5999500249875 * scale;
  const invz = false;

  const offset = 150;
  const maxcol = 14;
  const version = "basis8_b_png_optimized_compact";
  const extrinsics = [[0.99998534,0.0013807099,0.00523511,-0.0012379916,0.9996301,-0.027167687,-0.005270683,0.027160808,0.9996171,-0.029883387,-0.016460683,-0.00085745635]];
  //const extrinsics = [[0.9999853372573853,-0.0012379916151985526,-0.005270683206617832,0.0,0.001380709931254387,0.9996300935745239,0.027160808444023132,0.0,0.005235109943896532,-0.027167687192559242,0.9996170997619629,0.0,-0.029883386567234993,-0.016460683196783066,-0.0008574563544243574,1.0]];

  //const extrinsics = [[0.9999853372573853,-0.0012379916151985526,-0.005270683206617832,0.0,0.001380709931254387,0.9996300935745239,0.027160808444023132,0.0,0.005235109943896532,-0.027167687192559242,0.9996170997619629,0.0,-0.029883386567234993,-0.016460683196783066,-0.0008574563544243574,1.0]];
	//const rads = [[0.45262984633445735,0.30561907291412355,0.11415093690156938]];
  //const focal  = 132.64979173341877;

  const rads = [[0.45262984633445735,0.30561907291412355,0.11415093690156938]];
  const focal  = 4.526323556474683;

  const max_viewing_right =  0.04;
  const max_viewing_left =  -0.04;
  const max_viewing_down = -0.03;
  const max_viewing_up = 0.03;
